CleanStart;

XYZ = zeros(257,3)
XYZ(143,:) = [112.0,49.0,20.0];
XYZ(72,:) = [7.0,7.0,23.0];
XYZ(50,:) = [133.0,11.0,20.0];
XYZ(145,:) = [119.0,49.0,20.0];
XYZ(253,:) = [131.25,7.0,47.5];
XYZ(233,:) = [72.0,49.0,23.0];
XYZ(92,:) = [154.0,7.0,23.0];
XYZ(146,:) = [122.5,49.0,23.0];
XYZ(34,:) = [73.5,11.0,23.0];
XYZ(201,:) = [0.0,20.5,23.0];
XYZ(241,:) = [189.0,11.0,23.0];
XYZ(176,:) = [42.0,53.0,23.0];
XYZ(55,:) = [150.5,11.0,23.0];
XYZ(16,:) = [7.0,11.0,20.0];
XYZ(170,:) = [206.5,49.0,23.0];
XYZ(221,:) = [126.0,11.0,23.0];
XYZ(13,:) = [105.0,11.0,20.0];
XYZ(57,:) = [157.5,11.0,23.0];
XYZ(135,:) = [80.5,49.0,23.0];
XYZ(4,:) = [0.0,7.0,23.0];
XYZ(163,:) = [182.0,49.0,20.0];
XYZ(52,:) = [140.0,11.0,20.0];
XYZ(257,:) = [105.0,20.5,23.0];
XYZ(222,:) = [126.0,11.0,23.5];
XYZ(180,:) = [70.0,53.0,23.0];
XYZ(226,:) = [138.0,11.0,23.5];
XYZ(61,:) = [171.5,11.0,23.0];
XYZ(120,:) = [24.5,49.0,23.0];
XYZ(63,:) = [178.5,11.0,23.0];
XYZ(97,:) = [189.0,7.0,23.0];
XYZ(136,:) = [84.0,49.0,20.0];
XYZ(210,:) = [210.0,39.5,23.0];
XYZ(116,:) = [10.5,49.0,23.0];
XYZ(244,:) = [189.0,49.0,23.5];
XYZ(256,:) = [105.0,30.0,20.0];
XYZ(67,:) = [192.5,11.0,23.0];
XYZ(70,:) = [203.0,11.0,20.0];
XYZ(240,:) = [138.0,49.0,23.5];
XYZ(41,:) = [98.0,11.0,20.0];
XYZ(185,:) = [112.0,53.0,23.0];
XYZ(93,:) = [161.0,7.0,23.0];
XYZ(203,:) = [52.5,30.0,20.0];
XYZ(123,:) = [35.0,49.0,20.0];
XYZ(229,:) = [83.0,49.0,23.0];
XYZ(172,:) = [14.0,53.0,23.0];
XYZ(218,:) = [121.0,11.0,23.5];
XYZ(243,:) = [189.0,49.0,23.0];
XYZ(205,:) = [157.5,49.0,20.0];
XYZ(95,:) = [175.0,7.0,23.0];
XYZ(155,:) = [154.0,49.0,20.0];
XYZ(156,:) = [157.5,49.0,23.0];
XYZ(228,:) = [114.0,49.0,23.5];
XYZ(212,:) = [210.0,20.5,23.0];
XYZ(246,:) = [78.75,53.0,47.5];
XYZ(103,:) = [0.0,53.0,23.0];
XYZ(29,:) = [56.0,11.0,20.0];
XYZ(22,:) = [28.0,11.0,20.0];
XYZ(84,:) = [91.0,7.0,23.0];
XYZ(33,:) = [70.0,11.0,20.0];
XYZ(153,:) = [147.0,49.0,20.0];
XYZ(206,:) = [157.5,11.0,20.0];
XYZ(236,:) = [126.0,49.0,23.5];
XYZ(189,:) = [140.0,53.0,23.0];
XYZ(220,:) = [72.0,11.0,23.5];
XYZ(25,:) = [38.5,11.0,23.0];
XYZ(231,:) = [121.0,49.0,23.0];
XYZ(200,:) = [0.0,30.0,20.0];
XYZ(194,:) = [175.0,53.0,23.0];
XYZ(255,:) = [105.0,39.5,23.0];
XYZ(133,:) = [73.5,49.0,23.0];
XYZ(192,:) = [161.0,53.0,23.0];
XYZ(188,:) = [133.0,53.0,23.0];
XYZ(211,:) = [210.0,30.0,20.0];
XYZ(209,:) = [157.5,20.5,23.0];
XYZ(140,:) = [98.0,49.0,20.0];
XYZ(251,:) = [78.75,7.0,47.5];
XYZ(51,:) = [136.5,11.0,23.0];
XYZ(47,:) = [122.5,11.0,23.0];
XYZ(174,:) = [28.0,53.0,23.0];
XYZ(230,:) = [83.0,49.0,23.5];
XYZ(124,:) = [38.5,49.0,23.0];
XYZ(121,:) = [28.0,49.0,20.0];
XYZ(83,:) = [84.0,7.0,23.0];
XYZ(249,:) = [183.75,53.0,47.5];
XYZ(181,:) = [77.0,53.0,23.0];
XYZ(53,:) = [143.5,11.0,23.0];
XYZ(19,:) = [17.5,11.0,23.0];
XYZ(31,:) = [63.0,11.0,20.0];
XYZ(56,:) = [154.0,11.0,20.0];
XYZ(179,:) = [63.0,53.0,23.0];
XYZ(88,:) = [126.0,7.0,23.0];
XYZ(32,:) = [66.5,11.0,23.0];
XYZ(89,:) = [133.0,7.0,23.0];
XYZ(213,:) = [114.0,11.0,23.0];
XYZ(87,:) = [119.0,7.0,23.0];
XYZ(239,:) = [138.0,49.0,23.0];
XYZ(106,:) = [210.0,53.0,23.0];
XYZ(164,:) = [185.5,49.0,23.0];
XYZ(198,:) = [203.0,53.0,23.0];
XYZ(162,:) = [178.5,49.0,23.0];
XYZ(71,:) = [206.5,11.0,23.0];
XYZ(21,:) = [24.5,11.0,23.0];
XYZ(40,:) = [94.50000000000001,11.0,23.0];
XYZ(108,:) = [52.5,49.0,23.0];
XYZ(204,:) = [52.5,20.5,23.0];
XYZ(182,:) = [84.0,53.0,23.0];
XYZ(74,:) = [21.0,7.0,23.0];
XYZ(238,:) = [66.0,49.0,23.5];
XYZ(36,:) = [80.5,11.0,23.0];
XYZ(94,:) = [168.0,7.0,23.0];
XYZ(127,:) = [49.0,49.0,20.0];
XYZ(60,:) = [168.0,11.0,20.0];
XYZ(80,:) = [63.0,7.0,23.0];
XYZ(191,:) = [154.0,53.0,23.0];
XYZ(85,:) = [98.0,7.0,23.0];
XYZ(248,:) = [131.25,53.0,47.5];
XYZ(171,:) = [7.0,53.0,23.0];
XYZ(150,:) = [136.5,49.0,23.0];
XYZ(62,:) = [175.0,11.0,20.0];
XYZ(68,:) = [196.0,11.0,20.0];
XYZ(117,:) = [14.0,49.0,20.0];
XYZ(178,:) = [56.0,53.0,23.0];
XYZ(105,:) = [210.0,49.0,20.0];
XYZ(64,:) = [182.0,11.0,20.0];
XYZ(101,:) = [0.0,49.0,0.0];
XYZ(224,:) = [66.0,11.0,23.5];
XYZ(112,:) = [105.0,49.0,20.0];
XYZ(242,:) = [189.0,11.0,23.5];
XYZ(148,:) = [129.5,49.0,23.0];
XYZ(158,:) = [164.5,49.0,23.0];
XYZ(1,:) = [0.0,11.0,20.0];
XYZ(245,:) = [26.25,53.0,47.5];
XYZ(8,:) = [210.0,11.0,0.0];
XYZ(166,:) = [192.5,49.0,23.0];
XYZ(137,:) = [87.5,49.0,23.0];
XYZ(42,:) = [101.5,11.0,23.0];
XYZ(12,:) = [105.0,7.0,23.0];
XYZ(23,:) = [31.5,11.0,23.0];
XYZ(159,:) = [168.0,49.0,20.0];
XYZ(225,:) = [138.0,11.0,23.0];
XYZ(28,:) = [49.0,11.0,20.0];
XYZ(207,:) = [157.5,39.5,23.0];
XYZ(59,:) = [164.5,11.0,23.0];
XYZ(44,:) = [112.0,11.0,20.0];
XYZ(73,:) = [14.0,7.0,23.0];
XYZ(165,:) = [189.0,49.0,20.0];
XYZ(196,:) = [189.0,53.0,23.0];
XYZ(79,:) = [56.0,7.0,23.0];
XYZ(173,:) = [21.0,53.0,23.0];
XYZ(65,:) = [185.5,11.0,23.0];
XYZ(134,:) = [77.0,49.0,20.0];
XYZ(66,:) = [189.0,11.0,20.0];
XYZ(43,:) = [108.5,11.0,23.0];
XYZ(152,:) = [143.5,49.0,23.0];
XYZ(20,:) = [21.0,11.0,20.0];
XYZ(154,:) = [150.5,49.0,23.0];
XYZ(208,:) = [157.5,30.0,20.0];
XYZ(125,:) = [42.0,49.0,20.0];
XYZ(27,:) = [45.49999999999999,11.0,23.0];
XYZ(54,:) = [147.0,11.0,20.0];
XYZ(7,:) = [210.0,7.0,23.0];
XYZ(130,:) = [63.0,49.0,20.0];
XYZ(14,:) = [52.5,11.0,20.0];
XYZ(141,:) = [101.5,49.0,23.0];
XYZ(234,:) = [72.0,49.0,23.5];
XYZ(24,:) = [35.0,11.0,20.0];
XYZ(39,:) = [91.0,11.0,20.0];
XYZ(48,:) = [126.0,11.0,20.0];
XYZ(109,:) = [52.5,53.0,23.0];
XYZ(69,:) = [199.5,11.0,23.0];
XYZ(119,:) = [21.0,49.0,20.0];
XYZ(30,:) = [59.5,11.0,23.0];
XYZ(139,:) = [94.50000000000001,49.0,23.0];
XYZ(227,:) = [114.0,49.0,23.0];
XYZ(175,:) = [35.0,53.0,23.0];
XYZ(11,:) = [105.0,11.0,23.0];
XYZ(144,:) = [115.5,49.0,23.0];
XYZ(45,:) = [115.5,11.0,23.0];
XYZ(219,:) = [72.0,11.0,23.0];
XYZ(114,:) = [3.5,49.0,23.0];
XYZ(81,:) = [70.0,7.0,23.0];
XYZ(58,:) = [161.0,11.0,20.0];
XYZ(197,:) = [196.0,53.0,23.0];
XYZ(169,:) = [203.0,49.0,20.0];
XYZ(128,:) = [56.0,49.0,20.0];
XYZ(138,:) = [91.0,49.0,20.0];
XYZ(132,:) = [70.0,49.0,20.0];
XYZ(113,:) = [52.5,49.0,20.0];
XYZ(215,:) = [83.0,11.0,23.0];
XYZ(223,:) = [66.0,11.0,23.0];
XYZ(187,:) = [126.0,53.0,23.0];
XYZ(75,:) = [28.0,7.0,23.0];
XYZ(199,:) = [0.0,39.5,23.0];
XYZ(250,:) = [26.25,7.0,47.5];
XYZ(160,:) = [171.5,49.0,23.0];
XYZ(131,:) = [66.5,49.0,23.0];
XYZ(217,:) = [121.0,11.0,23.0];
XYZ(126,:) = [45.49999999999999,49.0,23.0];
XYZ(35,:) = [77.0,11.0,20.0];
XYZ(202,:) = [52.5,39.5,23.0];
XYZ(5,:) = [210.0,11.0,23.0];
XYZ(98,:) = [196.0,7.0,23.0];
XYZ(118,:) = [17.5,49.0,23.0];
XYZ(102,:) = [0.0,49.0,23.0];
XYZ(186,:) = [119.0,53.0,23.0];
XYZ(214,:) = [114.0,11.0,23.5];
XYZ(10,:) = [52.5,7.0,23.0];
XYZ(190,:) = [147.0,53.0,23.0];
XYZ(183,:) = [91.0,53.0,23.0];
XYZ(177,:) = [49.0,53.0,23.0];
XYZ(129,:) = [59.5,49.0,23.0];
XYZ(37,:) = [84.0,11.0,20.0];
XYZ(9,:) = [52.5,11.0,23.0];
XYZ(232,:) = [121.0,49.0,23.5];
XYZ(151,:) = [140.0,49.0,20.0];
XYZ(110,:) = [105.0,49.0,23.0];
XYZ(195,:) = [182.0,53.0,23.0];
XYZ(161,:) = [175.0,49.0,20.0];
XYZ(104,:) = [210.0,49.0,23.0];
XYZ(167,:) = [196.0,49.0,20.0];
XYZ(184,:) = [98.0,53.0,23.0];
XYZ(111,:) = [105.0,53.0,23.0];
XYZ(168,:) = [199.5,49.0,23.0];
XYZ(157,:) = [161.0,49.0,20.0];
XYZ(115,:) = [7.0,49.0,20.0];
XYZ(91,:) = [147.0,7.0,23.0];
XYZ(17,:) = [10.5,11.0,23.0];
XYZ(149,:) = [133.0,49.0,20.0];
XYZ(216,:) = [83.0,11.0,23.5];
XYZ(3,:) = [0.0,11.0,23.0];
XYZ(46,:) = [119.0,11.0,20.0];
XYZ(247,:) = [157.5,53.0,23.0];
XYZ(96,:) = [182.0,7.0,23.0];
XYZ(107,:) = [210.0,49.0,0.0];
XYZ(147,:) = [126.0,49.0,20.0];
XYZ(100,:) = [0.0,49.0,20.0];
XYZ(18,:) = [14.0,11.0,20.0];
XYZ(15,:) = [3.5,11.0,23.0];
XYZ(78,:) = [49.0,7.0,23.0];
XYZ(90,:) = [140.0,7.0,23.0];
XYZ(2,:) = [0.0,11.0,0.0];
XYZ(6,:) = [210.0,11.0,20.0];
XYZ(99,:) = [203.0,7.0,23.0];
XYZ(254,:) = [183.75,7.0,47.5];
XYZ(82,:) = [77.0,7.0,23.0];
XYZ(237,:) = [66.0,49.0,23.0];
XYZ(77,:) = [42.0,7.0,23.0];
XYZ(76,:) = [35.0,7.0,23.0];
XYZ(26,:) = [42.0,11.0,20.0];
XYZ(122,:) = [31.5,49.0,23.0];
XYZ(86,:) = [112.0,7.0,23.0];
XYZ(38,:) = [87.5,11.0,23.0];
XYZ(193,:) = [168.0,53.0,23.0];
XYZ(142,:) = [108.5,49.0,23.0];
XYZ(235,:) = [126.0,49.0,23.0];
