CleanStart;

XYZ = zeroes(272,3)
XYZ(158,:) = [112.0,49.0,20.0];
XYZ(87,:) = [7.0,7.0,23.0];
XYZ(65,:) = [133.0,11.0,20.0];
XYZ(160,:) = [119.0,49.0,20.0];
XYZ(268,:) = [131.25,7.0,47.5];
XYZ(248,:) = [72.0,49.0,23.0];
XYZ(107,:) = [154.0,7.0,23.0];
XYZ(161,:) = [122.5,49.0,23.0];
XYZ(49,:) = [73.5,11.0,23.0];
XYZ(216,:) = [0.0,20.5,23.0];
XYZ(256,:) = [189.0,11.0,23.0];
XYZ(191,:) = [42.0,53.0,23.0];
XYZ(70,:) = [150.5,11.0,23.0];
XYZ(31,:) = [7.0,11.0,20.0];
XYZ(185,:) = [206.5,49.0,23.0];
XYZ(236,:) = [126.0,11.0,23.0];
XYZ(28,:) = [105.0,11.0,20.0];
XYZ(72,:) = [157.5,11.0,23.0];
XYZ(3,:) = [0.0,60.0,60.0];
XYZ(19,:) = [0.0,7.0,23.0];
XYZ(178,:) = [182.0,49.0,20.0];
XYZ(67,:) = [140.0,11.0,20.0];
XYZ(272,:) = [105.0,20.5,23.0];
XYZ(237,:) = [126.0,11.0,23.5];
XYZ(195,:) = [70.0,53.0,23.0];
XYZ(241,:) = [138.0,11.0,23.5];
XYZ(76,:) = [171.5,11.0,23.0];
XYZ(135,:) = [24.5,49.0,23.0];
XYZ(78,:) = [178.5,11.0,23.0];
XYZ(112,:) = [189.0,7.0,23.0];
XYZ(151,:) = [84.0,49.0,20.0];
XYZ(225,:) = [210.0,39.5,23.0];
XYZ(8,:) = [0.0,8.0,19.0];
XYZ(259,:) = [189.0,49.0,23.5];
XYZ(271,:) = [105.0,30.0,20.0];
XYZ(82,:) = [192.5,11.0,23.0];
XYZ(85,:) = [203.0,11.0,20.0];
XYZ(255,:) = [138.0,49.0,23.5];
XYZ(56,:) = [98.0,11.0,20.0];
XYZ(200,:) = [112.0,53.0,23.0];
XYZ(108,:) = [161.0,7.0,23.0];
XYZ(218,:) = [52.5,30.0,20.0];
XYZ(138,:) = [35.0,49.0,20.0];
XYZ(244,:) = [83.0,49.0,23.0];
XYZ(187,:) = [14.0,53.0,23.0];
XYZ(233,:) = [121.0,11.0,23.5];
XYZ(258,:) = [189.0,49.0,23.0];
XYZ(220,:) = [157.5,49.0,20.0];
XYZ(9,:) = [0.0,8.0,60.0];
XYZ(110,:) = [175.0,7.0,23.0];
XYZ(170,:) = [154.0,49.0,20.0];
XYZ(171,:) = [157.5,49.0,23.0];
XYZ(243,:) = [114.0,49.0,23.5];
XYZ(227,:) = [210.0,20.5,23.0];
XYZ(261,:) = [78.75,53.0,47.5];
XYZ(118,:) = [0.0,53.0,23.0];
XYZ(44,:) = [56.0,11.0,20.0];
XYZ(37,:) = [28.0,11.0,20.0];
XYZ(13,:) = [0.0,11.0,60.0];
XYZ(48,:) = [70.0,11.0,20.0];
XYZ(168,:) = [147.0,49.0,20.0];
XYZ(221,:) = [157.5,11.0,20.0];
XYZ(251,:) = [126.0,49.0,23.5];
XYZ(204,:) = [140.0,53.0,23.0];
XYZ(152,:) = [87.5,49.0,23.0];
XYZ(235,:) = [72.0,11.0,23.5];
XYZ(40,:) = [38.5,11.0,23.0];
XYZ(246,:) = [121.0,49.0,23.0];
XYZ(215,:) = [0.0,30.0,20.0];
XYZ(4,:) = [0.0,0.0,60.0];
XYZ(209,:) = [175.0,53.0,23.0];
XYZ(7,:) = [0.0,30.0,19.0];
XYZ(270,:) = [105.0,39.5,23.0];
XYZ(148,:) = [73.5,49.0,23.0];
XYZ(207,:) = [161.0,53.0,23.0];
XYZ(203,:) = [133.0,53.0,23.0];
XYZ(226,:) = [210.0,30.0,20.0];
XYZ(224,:) = [157.5,20.5,23.0];
XYZ(155,:) = [98.0,49.0,20.0];
XYZ(266,:) = [78.75,7.0,47.5];
XYZ(66,:) = [136.5,11.0,23.0];
XYZ(62,:) = [122.5,11.0,23.0];
XYZ(189,:) = [28.0,53.0,23.0];
XYZ(150,:) = [80.5,49.0,23.0];
XYZ(54,:) = [91.0,11.0,20.0];
XYZ(139,:) = [38.5,49.0,23.0];
XYZ(136,:) = [28.0,49.0,20.0];
XYZ(98,:) = [84.0,7.0,23.0];
XYZ(264,:) = [183.75,53.0,47.5];
XYZ(196,:) = [77.0,53.0,23.0];
XYZ(99,:) = [91.0,7.0,23.0];
XYZ(68,:) = [143.5,11.0,23.0];
XYZ(34,:) = [17.5,11.0,23.0];
XYZ(154,:) = [94.50000000000001,49.0,23.0];
XYZ(46,:) = [63.0,11.0,20.0];
XYZ(71,:) = [154.0,11.0,20.0];
XYZ(194,:) = [63.0,53.0,23.0];
XYZ(103,:) = [126.0,7.0,23.0];
XYZ(47,:) = [66.5,11.0,23.0];
XYZ(104,:) = [133.0,7.0,23.0];
XYZ(228,:) = [114.0,11.0,23.0];
XYZ(100,:) = [98.0,7.0,23.0];
XYZ(102,:) = [119.0,7.0,23.0];
XYZ(254,:) = [138.0,49.0,23.0];
XYZ(121,:) = [210.0,53.0,23.0];
XYZ(179,:) = [185.5,49.0,23.0];
XYZ(213,:) = [203.0,53.0,23.0];
XYZ(177,:) = [178.5,49.0,23.0];
XYZ(86,:) = [206.5,11.0,23.0];
XYZ(36,:) = [24.5,11.0,23.0];
XYZ(55,:) = [94.50000000000001,11.0,23.0];
XYZ(123,:) = [52.5,49.0,23.0];
XYZ(219,:) = [52.5,20.5,23.0];
XYZ(197,:) = [84.0,53.0,23.0];
XYZ(89,:) = [21.0,7.0,23.0];
XYZ(253,:) = [66.0,49.0,23.5];
XYZ(51,:) = [80.5,11.0,23.0];
XYZ(109,:) = [168.0,7.0,23.0];
XYZ(142,:) = [49.0,49.0,20.0];
XYZ(75,:) = [168.0,11.0,20.0];
XYZ(95,:) = [63.0,7.0,23.0];
XYZ(206,:) = [154.0,53.0,23.0];
XYZ(10,:) = [0.0,52.0,19.0];
XYZ(245,:) = [83.0,49.0,23.5];
XYZ(186,:) = [7.0,53.0,23.0];
XYZ(165,:) = [136.5,49.0,23.0];
XYZ(77,:) = [175.0,11.0,20.0];
XYZ(83,:) = [196.0,11.0,20.0];
XYZ(132,:) = [14.0,49.0,20.0];
XYZ(193,:) = [56.0,53.0,23.0];
XYZ(120,:) = [210.0,49.0,20.0];
XYZ(79,:) = [182.0,11.0,20.0];
XYZ(116,:) = [0.0,49.0,0.0];
XYZ(239,:) = [66.0,11.0,23.5];
XYZ(127,:) = [105.0,49.0,20.0];
XYZ(257,:) = [189.0,11.0,23.5];
XYZ(163,:) = [129.5,49.0,23.0];
XYZ(173,:) = [164.5,49.0,23.0];
XYZ(11,:) = [0.0,52.0,60.0];
XYZ(16,:) = [0.0,11.0,20.0];
XYZ(260,:) = [26.25,53.0,47.5];
XYZ(23,:) = [210.0,11.0,0.0];
XYZ(181,:) = [192.5,49.0,23.0];
XYZ(12,:) = [0.0,11.0,19.0];
XYZ(111,:) = [182.0,7.0,23.0];
XYZ(57,:) = [101.5,11.0,23.0];
XYZ(27,:) = [105.0,7.0,23.0];
XYZ(38,:) = [31.5,11.0,23.0];
XYZ(174,:) = [168.0,49.0,20.0];
XYZ(240,:) = [138.0,11.0,23.0];
XYZ(43,:) = [49.0,11.0,20.0];
XYZ(222,:) = [157.5,39.5,23.0];
XYZ(74,:) = [164.5,11.0,23.0];
XYZ(59,:) = [112.0,11.0,20.0];
XYZ(88,:) = [14.0,7.0,23.0];
XYZ(180,:) = [189.0,49.0,20.0];
XYZ(211,:) = [189.0,53.0,23.0];
XYZ(94,:) = [56.0,7.0,23.0];
XYZ(188,:) = [21.0,53.0,23.0];
XYZ(80,:) = [185.5,11.0,23.0];
XYZ(149,:) = [77.0,49.0,20.0];
XYZ(81,:) = [189.0,11.0,20.0];
XYZ(58,:) = [108.5,11.0,23.0];
XYZ(167,:) = [143.5,49.0,23.0];
XYZ(35,:) = [21.0,11.0,20.0];
XYZ(169,:) = [150.5,49.0,23.0];
XYZ(223,:) = [157.5,30.0,20.0];
XYZ(140,:) = [42.0,49.0,20.0];
XYZ(42,:) = [45.49999999999999,11.0,23.0];
XYZ(69,:) = [147.0,11.0,20.0];
XYZ(22,:) = [210.0,7.0,23.0];
XYZ(15,:) = [0.0,49.0,60.0];
XYZ(145,:) = [63.0,49.0,20.0];
XYZ(29,:) = [52.5,11.0,20.0];
XYZ(156,:) = [101.5,49.0,23.0];
XYZ(249,:) = [72.0,49.0,23.5];
XYZ(39,:) = [35.0,11.0,20.0];
XYZ(2,:) = [0.0,60.0,0.0];
XYZ(63,:) = [126.0,11.0,20.0];
XYZ(124,:) = [52.5,53.0,23.0];
XYZ(84,:) = [199.5,11.0,23.0];
XYZ(134,:) = [21.0,49.0,20.0];
XYZ(45,:) = [59.5,11.0,23.0];
XYZ(131,:) = [10.5,49.0,23.0];
XYZ(242,:) = [114.0,49.0,23.0];
XYZ(190,:) = [35.0,53.0,23.0];
XYZ(26,:) = [105.0,11.0,23.0];
XYZ(159,:) = [115.5,49.0,23.0];
XYZ(60,:) = [115.5,11.0,23.0];
XYZ(234,:) = [72.0,11.0,23.0];
XYZ(129,:) = [3.5,49.0,23.0];
XYZ(96,:) = [70.0,7.0,23.0];
XYZ(73,:) = [161.0,11.0,20.0];
XYZ(212,:) = [196.0,53.0,23.0];
XYZ(184,:) = [203.0,49.0,20.0];
XYZ(143,:) = [56.0,49.0,20.0];
XYZ(153,:) = [91.0,49.0,20.0];
XYZ(147,:) = [70.0,49.0,20.0];
XYZ(128,:) = [52.5,49.0,20.0];
XYZ(230,:) = [83.0,11.0,23.0];
XYZ(238,:) = [66.0,11.0,23.0];
XYZ(202,:) = [126.0,53.0,23.0];
XYZ(90,:) = [28.0,7.0,23.0];
XYZ(214,:) = [0.0,39.5,23.0];
XYZ(265,:) = [26.25,7.0,47.5];
XYZ(175,:) = [171.5,49.0,23.0];
XYZ(146,:) = [66.5,49.0,23.0];
XYZ(232,:) = [121.0,11.0,23.0];
XYZ(141,:) = [45.49999999999999,49.0,23.0];
XYZ(50,:) = [77.0,11.0,20.0];
XYZ(217,:) = [52.5,39.5,23.0];
XYZ(20,:) = [210.0,11.0,23.0];
XYZ(113,:) = [196.0,7.0,23.0];
XYZ(133,:) = [17.5,49.0,23.0];
XYZ(263,:) = [131.25,53.0,47.5];
XYZ(117,:) = [0.0,49.0,23.0];
XYZ(201,:) = [119.0,53.0,23.0];
XYZ(229,:) = [114.0,11.0,23.5];
XYZ(91,:) = [35.0,7.0,23.0];
XYZ(205,:) = [147.0,53.0,23.0];
XYZ(198,:) = [91.0,53.0,23.0];
XYZ(192,:) = [49.0,53.0,23.0];
XYZ(144,:) = [59.5,49.0,23.0];
XYZ(6,:) = [0.0,30.0,60.0];
XYZ(52,:) = [84.0,11.0,20.0];
XYZ(24,:) = [52.5,11.0,23.0];
XYZ(247,:) = [121.0,49.0,23.5];
XYZ(166,:) = [140.0,49.0,20.0];
XYZ(125,:) = [105.0,49.0,23.0];
XYZ(210,:) = [182.0,53.0,23.0];
XYZ(176,:) = [175.0,49.0,20.0];
XYZ(119,:) = [210.0,49.0,23.0];
XYZ(182,:) = [196.0,49.0,20.0];
XYZ(1,:) = [0.0,0.0,0.0];
XYZ(199,:) = [98.0,53.0,23.0];
XYZ(126,:) = [105.0,53.0,23.0];
XYZ(183,:) = [199.5,49.0,23.0];
XYZ(172,:) = [161.0,49.0,20.0];
XYZ(130,:) = [7.0,49.0,20.0];
XYZ(106,:) = [147.0,7.0,23.0];
XYZ(32,:) = [10.5,11.0,23.0];
XYZ(164,:) = [133.0,49.0,20.0];
XYZ(231,:) = [83.0,11.0,23.5];
XYZ(18,:) = [0.0,11.0,23.0];
XYZ(61,:) = [119.0,11.0,20.0];
XYZ(262,:) = [157.5,53.0,23.0];
XYZ(14,:) = [0.0,49.0,19.0];
XYZ(5,:) = [0.0,30.0,0.0];
XYZ(122,:) = [210.0,49.0,0.0];
XYZ(162,:) = [126.0,49.0,20.0];
XYZ(115,:) = [0.0,49.0,20.0];
XYZ(33,:) = [14.0,11.0,20.0];
XYZ(30,:) = [3.5,11.0,23.0];
XYZ(93,:) = [49.0,7.0,23.0];
XYZ(105,:) = [140.0,7.0,23.0];
XYZ(17,:) = [0.0,11.0,0.0];
